0 533 487 5 513 868 757 773 438 962 271 760 229 
533 0 772 728 230 177 124 847 908 774 36 640 665 
487 772 0 720 577 879 377 62 195 42 165 710 243 
5 728 720 0 325 146 175 327 688 71 182 677 393 
513 230 577 325 0 794 757 945 948 666 864 783 795 
868 177 879 146 794 0 118 489 214 171 397 231 349 
757 124 377 175 757 118 0 134 902 753 822 378 334 
773 847 62 327 945 489 134 0 400 830 104 791 103 
438 908 195 688 948 214 902 400 0 776 661 669 90 
962 774 42 71 666 171 753 830 776 0 425 129 947 
271 36 165 182 864 397 822 104 661 425 0 180 20 
760 640 710 677 783 231 378 791 669 129 180 0 17 
229 665 243 393 795 349 334 103 90 947 20 17 0 
