Graph: 
0 370 706 892 68 38 989 277 422 625 135 93 
370 0 649 748 973 265 352 329 942 785 865 376 
706 649 0 339 662 22 694 608 262 789 864 41 
892 748 339 0 449 345 225 818 25 116 916 74 
68 973 662 449 0 646 84 760 395 255 448 987 
38 265 22 345 646 0 726 496 547 512 153 842 
989 352 694 225 84 726 0 26 371 722 967 41 
277 329 608 818 760 496 26 0 173 20 824 550 
422 942 262 25 395 547 371 173 0 39 883 720 
625 785 789 116 255 512 722 20 39 0 251 187 
135 865 864 916 448 153 967 824 883 251 0 12 
93 376 41 74 987 842 41 550 720 187 12 0 

Hamilton Path: 
Cost = 737; Path = 1, 5, 2, 11, 10, 0, 4, 6, 7, 9, 8, 3
