0 971 109 466 463 725 172 140 891 377 144 831 300 
971 0 469 985 100 72 35 588 350 961 12 521 896 
109 469 0 192 687 233 811 549 444 380 865 920 198 
466 985 192 0 503 603 9 540 124 104 978 925 739 
463 100 687 503 0 53 832 674 772 431 338 311 795 
725 72 233 603 53 0 172 898 337 274 617 294 74 
172 35 811 9 832 172 0 470 405 244 799 993 431 
140 588 549 540 674 898 470 0 314 311 360 209 904 
891 350 444 124 772 337 405 314 0 888 584 336 400 
377 961 380 104 431 274 244 311 888 0 96 59 897 
144 12 865 978 338 617 799 360 584 96 0 600 895 
831 521 920 925 311 294 993 209 336 59 600 0 277 
300 896 198 739 795 74 431 904 400 897 895 277 0 
