0 695 971 698 781 214 774 82 628 476 998 612 648 
695 0 928 124 52 981 400 760 423 634 501 211 409 
971 928 0 695 963 488 412 877 678 733 1 50 865 
698 124 695 0 502 420 775 499 974 94 254 198 470 
781 52 963 502 0 511 770 520 333 896 135 603 298 
214 981 488 420 511 0 782 494 78 43 779 201 766 
774 400 412 775 770 782 0 700 555 35 760 80 678 
82 760 877 499 520 494 700 0 41 583 262 423 681 
628 423 678 974 333 78 555 41 0 395 930 539 873 
476 634 733 94 896 43 35 583 395 0 214 824 738 
998 501 1 254 135 779 760 262 930 214 0 239 46 
612 211 50 198 603 201 80 423 539 824 239 0 177 
648 409 865 470 298 766 678 681 873 738 46 177 0 
