0 411 338 837 547 103 39 16 123 182 542 395 318 31 
411 0 221 494 85 216 918 963 67 427 110 374 35 211 
338 221 0 892 823 240 349 180 587 850 930 41 270 132 
837 494 892 0 573 979 407 753 851 823 138 83 112 638 
547 85 823 573 0 950 458 243 898 407 907 251 857 809 
103 216 240 979 950 0 604 568 205 801 239 324 491 216 
39 918 349 407 458 604 0 947 708 498 113 600 498 827 
16 963 180 753 243 568 947 0 837 697 572 961 583 473 
123 67 587 851 898 205 708 837 0 149 801 756 50 279 
182 427 850 823 407 801 498 697 149 0 449 986 802 97 
542 110 930 138 907 239 113 572 801 449 0 252 517 755 
395 374 41 83 251 324 600 961 756 986 252 0 266 313 
318 35 270 112 857 491 498 583 50 802 517 266 0 463 
31 211 132 638 809 216 827 473 279 97 755 313 463 0 
