Graph: 
0 591 20 512 842 84 808 51 868 793 267 
591 0 203 174 442 505 758 983 586 595 629 
20 203 0 119 59 936 242 976 422 243 388 
512 174 119 0 113 570 515 717 857 847 571 
842 442 59 113 0 764 668 267 296 342 149 
84 505 936 570 764 0 794 235 809 336 510 
808 758 242 515 668 794 0 369 664 159 85 
51 983 976 717 267 235 369 0 90 90 758 
868 586 422 857 296 809 664 90 0 412 12 
793 595 243 847 342 336 159 90 412 0 334 
267 629 388 571 149 510 85 758 12 334 0 

Hamilton Path: 
Cost = 1031; Path = 1, 3, 4, 2, 0, 5, 7, 9, 6, 10, 8
