Graph: 
0 34 188 667 984 263 917 80 123 771 559 
34 0 482 282 383 128 600 131 567 977 611 
188 482 0 791 239 55 124 825 677 946 260 
667 282 791 0 934 13 758 429 310 412 205 
984 383 239 934 0 759 715 977 960 914 559 
263 128 55 13 759 0 909 289 639 372 354 
917 600 124 758 715 909 0 695 831 611 163 
80 131 825 429 977 289 695 0 71 814 49 
123 567 677 310 960 639 831 71 0 890 107 
771 977 946 412 914 372 611 814 890 0 632 
559 611 260 205 559 354 163 49 107 632 0 

Hamilton Path: 
Cost = 1356; Path = 4, 2, 6, 10, 7, 8, 0, 1, 5, 3, 9
