Graph: 
0 402 103 922 257 370 123 614 945 489 712 
402 0 297 201 772 643 93 43 891 734 178 
103 297 0 547 905 162 348 474 477 341 844 
922 201 547 0 833 179 737 7 342 862 824 
257 772 905 833 0 755 534 730 793 155 85 
370 643 162 179 755 0 621 207 389 186 766 
123 93 348 737 534 621 0 769 399 339 874 
614 43 474 7 730 207 769 0 338 940 100 
945 891 477 342 793 389 399 338 0 8 212 
489 734 341 862 155 186 339 940 8 0 504 
712 178 844 824 85 766 874 100 212 504 0 

Hamilton Path: 
Cost = 1015; Path = 1, 6, 0, 2, 5, 3, 7, 10, 4, 9, 8
