Graph: 
0 666 66 333 807 472 551 512 507 968 480 
666 0 229 889 488 722 25 617 118 233 968 
66 229 0 324 552 275 689 744 544 565 627 
333 889 324 0 814 971 586 313 131 587 292 
807 488 552 814 0 558 274 818 161 446 179 
472 722 275 971 558 0 577 628 590 380 896 
551 25 689 586 274 577 0 23 932 111 316 
512 617 744 313 818 628 23 0 18 650 688 
507 118 544 131 161 590 932 18 0 549 388 
968 233 565 587 446 380 111 650 549 0 610 
480 968 627 292 179 896 316 688 388 610 0 

Hamilton Path: 
Cost = 1605; Path = 5, 2, 0, 3, 10, 4, 8, 7, 6, 1, 9
