Graph: 
0 719 465 737 812 912 212 676 117 246 544 
719 0 262 867 535 190 715 855 937 441 638 
465 262 0 83 577 687 522 176 446 787 103 
737 867 83 0 335 22 972 724 616 948 638 
812 535 577 335 0 609 880 22 780 344 14 
912 190 687 22 609 0 600 574 34 868 199 
212 715 522 972 880 600 0 189 52 345 329 
676 855 176 724 22 574 189 0 508 158 797 
117 937 446 616 780 34 52 508 0 836 935 
246 441 787 948 344 868 345 158 836 0 337 
544 638 103 638 14 199 329 797 935 337 0 

Hamilton Path: 
Cost = 1007; Path = 1, 5, 3, 2, 10, 4, 7, 9, 0, 8, 6
