Graph: 
0 993 471 9 268 54 976 186 15 202 988 
993 0 697 817 944 190 497 148 82 776 838 
471 697 0 817 862 324 300 695 802 414 206 
9 817 817 0 973 240 966 911 375 929 654 
268 944 862 973 0 764 279 928 64 643 68 
54 190 324 240 764 0 211 578 136 223 457 
976 497 300 966 279 211 0 32 787 718 931 
186 148 695 911 928 578 32 0 503 293 195 
15 82 802 375 64 136 787 503 0 954 891 
202 776 414 929 643 223 718 293 954 0 753 
988 838 206 654 68 457 931 195 891 753 0 

Hamilton Path: 
Cost = 1245; Path = 2, 10, 4, 8, 1, 7, 6, 5, 9, 0, 3
