Graph: 
0 118 455 328 53 970 873 150 165 409 835 
118 0 139 693 791 369 634 973 537 468 74 
455 139 0 770 418 502 874 653 692 923 832 
328 693 770 0 634 256 375 35 402 517 981 
53 791 418 634 0 348 944 991 224 975 1 
970 369 502 256 348 0 279 844 769 785 294 
873 634 874 375 944 279 0 510 80 136 894 
150 973 653 35 991 844 510 0 573 689 401 
165 537 692 402 224 769 80 573 0 710 328 
409 468 923 517 975 785 136 689 710 0 576 
835 74 832 981 1 294 894 401 328 576 0 

Hamilton Path: 
Cost = 1384; Path = 2, 1, 10, 4, 5, 3, 7, 0, 8, 6, 9
