Graph: 
0 126 29 125 553 848 840 755 701 850 672 
126 0 26 256 492 600 234 161 14 354 625 
29 26 0 178 202 778 912 335 793 82 194 
125 256 178 0 316 929 724 302 915 97 53 
553 492 202 316 0 31 497 742 589 831 314 
848 600 778 929 31 0 727 166 15 570 697 
840 234 912 724 497 727 0 814 618 656 73 
755 161 335 302 742 166 814 0 664 785 48 
701 14 793 915 589 15 618 664 0 604 303 
850 354 82 97 831 570 656 785 604 0 961 
672 625 194 53 314 697 73 48 303 961 0 

Hamilton Path: 
Cost = 795; Path = 6, 10, 7, 1, 8, 5, 4, 2, 0, 3, 9
