Graph: 
0 748 371 759 570 528 247 851 738 311 716 
748 0 120 383 163 410 9 559 503 62 76 
371 120 0 857 103 341 959 787 57 636 665 
759 383 857 0 552 996 29 400 586 931 70 
570 163 103 552 0 8 354 135 381 191 415 
528 410 341 996 8 0 572 677 803 445 96 
247 9 959 29 354 572 0 355 820 351 366 
851 559 787 400 135 677 355 0 168 14 332 
738 503 57 586 381 803 820 168 0 276 488 
311 62 636 931 191 445 351 14 276 0 828 
716 76 665 70 415 96 366 332 488 828 0 

Hamilton Path: 
Cost = 834; Path = 0, 6, 1, 9, 7, 8, 2, 4, 5, 10, 3
